{
 "cells": [
  {
   "cell_type": "code",
   "execution_count": 1,
   "metadata": {},
   "outputs": [],
   "source": [
    "using LinearAlgebra, SetRounding, Test"
   ]
  },
  {
   "cell_type": "code",
   "execution_count": 2,
   "metadata": {},
   "outputs": [
    {
     "data": {
      "text/plain": [
       "3×3 Matrix{Float64}:\n",
       " 1.0  2.0  3.0\n",
       " 1.0  4.0  9.0\n",
       " 1.0  1.0  1.0"
      ]
     },
     "execution_count": 2,
     "metadata": {},
     "output_type": "execute_result"
    }
   ],
   "source": [
    "A = [1.0 2 3; 1 4 9; 1 1 1]"
   ]
  },
  {
   "cell_type": "code",
   "execution_count": 71,
   "metadata": {},
   "outputs": [
    {
     "data": {
      "text/plain": [
       "qr (generic function with 1 method)"
      ]
     },
     "execution_count": 71,
     "metadata": {},
     "output_type": "execute_result"
    }
   ],
   "source": [
    "function qr(A)\n",
    "    m,n = size(A)\n",
    "    if n > m\n",
    "        error(\"More columns than rows is not supported\")\n",
    "    end\n",
    "\n",
    "    R = copy(A)\n",
    "    Q = Matrix(1.0I, m, n)\n",
    "\n",
    "    for j = 1:n-1 # first to last column\n",
    "        y = R[j:end, j]\n",
    "        y[1] += norm(y)\n",
    "        w = y/norm(y)\n",
    "        P = I - 2*w*w'\n",
    "\n",
    "        R[j:end,j:end] = P * R[j:end, j:end]\n",
    "        Q[:, j:end] = Q[:, j:end] * P\n",
    "    end\n",
    "    Q, R\n",
    "end"
   ]
  },
  {
   "cell_type": "code",
   "execution_count": 72,
   "metadata": {},
   "outputs": [
    {
     "data": {
      "text/plain": [
       "([-0.5773502691896257 0.15430334996209186 -0.8017837257372731; -0.5773502691896257 -0.7715167498104594 0.2672612419124243; -0.5773502691896257 0.6172133998483675 0.5345224838248488], [-1.7320508075688772 -4.04145188432738 -7.505553499465135; 0.0 -2.1602468994692865 -5.863527298559491; 0.0 -2.220446049250313e-16 0.5345224838248486])"
      ]
     },
     "execution_count": 72,
     "metadata": {},
     "output_type": "execute_result"
    }
   ],
   "source": [
    "Q, R = qr(A)"
   ]
  },
  {
   "cell_type": "code",
   "execution_count": 73,
   "metadata": {},
   "outputs": [
    {
     "data": {
      "text/plain": [
       "3×3 Matrix{Float64}:\n",
       " -0.57735   0.154303  -0.801784\n",
       " -0.57735  -0.771517   0.267261\n",
       " -0.57735   0.617213   0.534522"
      ]
     },
     "execution_count": 73,
     "metadata": {},
     "output_type": "execute_result"
    }
   ],
   "source": [
    "Q"
   ]
  },
  {
   "cell_type": "code",
   "execution_count": 78,
   "metadata": {},
   "outputs": [
    {
     "data": {
      "text/plain": [
       "true"
      ]
     },
     "execution_count": 78,
     "metadata": {},
     "output_type": "execute_result"
    }
   ],
   "source": [
    "isapprox(inv(Q), Q')"
   ]
  },
  {
   "cell_type": "code",
   "execution_count": 76,
   "metadata": {},
   "outputs": [
    {
     "data": {
      "text/plain": [
       "3×3 Matrix{Float64}:\n",
       " -1.73205  -4.04145      -7.50555\n",
       "  0.0      -2.16025      -5.86353\n",
       "  0.0      -2.22045e-16   0.534522"
      ]
     },
     "execution_count": 76,
     "metadata": {},
     "output_type": "execute_result"
    }
   ],
   "source": [
    "R"
   ]
  },
  {
   "cell_type": "code",
   "execution_count": 77,
   "metadata": {},
   "outputs": [
    {
     "data": {
      "text/plain": [
       "3×3 Matrix{Float64}:\n",
       " 1.0  2.0  3.0\n",
       " 1.0  4.0  9.0\n",
       " 1.0  1.0  1.0"
      ]
     },
     "execution_count": 77,
     "metadata": {},
     "output_type": "execute_result"
    }
   ],
   "source": [
    "Q*R"
   ]
  },
  {
   "cell_type": "code",
   "execution_count": 79,
   "metadata": {},
   "outputs": [
    {
     "data": {
      "text/plain": [
       "rq (generic function with 1 method)"
      ]
     },
     "execution_count": 79,
     "metadata": {},
     "output_type": "execute_result"
    }
   ],
   "source": [
    "function rq(A)\n",
    "    m,n = size(A)\n",
    "    m == n || error(\"not square\")\n",
    "    ## SOLUTION\n",
    "    R = copy(A)\n",
    "    Q = Matrix(1.0I, n, n)\n",
    "    for j = n:-1:2\n",
    "        y = R[j, 1:j]            \n",
    "        y[end] -= norm(y)\n",
    "        w = y / norm(y)\n",
    "\n",
    "        P = I - 2 * w * w'\n",
    "        R[1:j, 1:j] = R[1:j, 1:j] * P\n",
    "        Q[1:j, :] = P * Q[1:j, :]\n",
    "    end\n",
    "    R,Q\n",
    "    ## END\n",
    "end"
   ]
  },
  {
   "cell_type": "code",
   "execution_count": 80,
   "metadata": {},
   "outputs": [
    {
     "data": {
      "text/plain": [
       "([0.2020305089104415 1.3997084244475297 3.4641016151377544; -2.6645352591003757e-15 5.715476066494079 8.082903768654763; -1.1102230246251565e-16 -1.1102230246251565e-16 1.7320508075688772], [-0.5050762722761051 0.8081220356417688 -0.3030457633656637; -0.641533027871785 -0.11664236870396034 0.7581753965757453; 0.5773502691896256 0.5773502691896256 0.577350269189626])"
      ]
     },
     "execution_count": 80,
     "metadata": {},
     "output_type": "execute_result"
    }
   ],
   "source": [
    "R, Q = rq(A)"
   ]
  },
  {
   "cell_type": "code",
   "execution_count": 81,
   "metadata": {},
   "outputs": [
    {
     "data": {
      "text/plain": [
       "3×3 Matrix{Float64}:\n",
       " -0.505076   0.808122  -0.303046\n",
       " -0.641533  -0.116642   0.758175\n",
       "  0.57735    0.57735    0.57735"
      ]
     },
     "execution_count": 81,
     "metadata": {},
     "output_type": "execute_result"
    }
   ],
   "source": [
    "Q"
   ]
  },
  {
   "cell_type": "code",
   "execution_count": 82,
   "metadata": {},
   "outputs": [
    {
     "data": {
      "text/plain": [
       "true"
      ]
     },
     "execution_count": 82,
     "metadata": {},
     "output_type": "execute_result"
    }
   ],
   "source": [
    "isapprox(inv(Q), Q')"
   ]
  },
  {
   "cell_type": "code",
   "execution_count": 83,
   "metadata": {},
   "outputs": [
    {
     "data": {
      "text/plain": [
       "3×3 Matrix{Float64}:\n",
       "  0.202031      1.39971      3.4641\n",
       " -2.66454e-15   5.71548      8.0829\n",
       " -1.11022e-16  -1.11022e-16  1.73205"
      ]
     },
     "execution_count": 83,
     "metadata": {},
     "output_type": "execute_result"
    }
   ],
   "source": [
    "R"
   ]
  },
  {
   "cell_type": "code",
   "execution_count": 85,
   "metadata": {},
   "outputs": [
    {
     "data": {
      "text/plain": [
       "3×3 Matrix{Float64}:\n",
       " 1.0  2.0  3.0\n",
       " 1.0  4.0  9.0\n",
       " 1.0  1.0  1.0"
      ]
     },
     "execution_count": 85,
     "metadata": {},
     "output_type": "execute_result"
    }
   ],
   "source": [
    "R*Q"
   ]
  },
  {
   "cell_type": "code",
   "execution_count": null,
   "metadata": {},
   "outputs": [],
   "source": []
  }
 ],
 "metadata": {
  "kernelspec": {
   "display_name": "Julia 1.8.5",
   "language": "julia",
   "name": "julia-1.8"
  },
  "language_info": {
   "file_extension": ".jl",
   "mimetype": "application/julia",
   "name": "julia",
   "version": "1.8.5"
  },
  "orig_nbformat": 4
 },
 "nbformat": 4,
 "nbformat_minor": 2
}
